pleasant surprise store man love stable house sure cure seasickness tree woman mind boss Act hast repent leisure world stage project work beginning future romance appearance empty stomach advisor person investment community will misunderstanding calm balance stingy anger moment today way
sit add go pay make leave do begin take offer support reap Be become fall accomplish
  0.          0.          0.          0.          0.          0.          0.
   0.          0.          0.          0.          0.          0.          0.
   0.          0.          0.          0.         
   0.          0.          0.          0.          0.          0.          0.
   0.          0.          0.          0.          0.          0.          0.
   0.          0.          0.          0.         
   0.          0.          0.          0.          0.          0.          0.
   0.          0.          0.          0.          0.          0.          0.
   0.          0.          0.          0.         
   0.          0.          0.          0.          0.          0.          0.
   0.5         0.5         0.          0.          0.          0.          0.
   0.          0.          0.          0.         
   0.          0.          0.          0.          0.          0.          0.
   0.          0.          0.          0.          0.          0.          0.
   0.          0.          0.          0.         
   0.          0.          0.          0.          0.          0.          0.
   0.          0.          0.          0.          0.          0.          0.
   0.          0.          0.          0.         
   0.          0.          0.          0.          0.          0.          0.
   0.          0.          0.          0.          0.          0.          0.
   0.          0.          0.          0.         
   1.          0.          0.          0.          0.          0.          0.
   0.          0.          0.          0.          0.          0.          0.
   0.          0.          0.          0.         
   1.          0.          0.          0.          0.          0.          0.
   0.          0.          0.          0.          0.          0.          0.
   0.          0.          0.          0.         
   1.          0.          0.          0.          0.          0.          0.
   0.          0.          0.          0.          0.          0.          0.
   0.          0.          0.          0.         
   1.          0.          0.          0.          0.          0.          0.
   0.          0.          0.          0.          0.          0.          0.
   0.          0.          0.          0.         
   0.          0.          0.          0.          0.          0.          0.
   0.          0.          0.          0.          0.          0.          0.
   0.          0.          0.          0.         
   0.          0.          0.          0.          0.          0.          0.
   0.          0.          0.          0.          0.          0.          0.
   0.          0.          0.          0.         
   0.          1.          0.          0.          0.          0.          0.
   0.          0.          0.          0.          0.          0.          0.
   0.          0.          0.          0.         
   0.          0.          0.          0.          0.          0.          0.
   0.          0.          0.          0.          0.          0.          0.
   0.          0.          0.          0.         
   0.          0.          0.          0.          0.          0.          0.
   0.          0.          0.          0.          0.          0.          0.
   0.          0.          0.          0.         
   0.          0.          0.          0.          0.          0.          0.
   0.          0.          0.          0.          0.          0.          0.
   0.          0.          0.          0.         
   0.          0.          0.          0.          0.          0.          0.
   0.          0.          0.          0.          0.          0.          0.
   0.          0.          0.          0.         
   0.          0.          0.          0.          0.          0.          0.
   0.          0.          0.          0.          0.          0.          0.
   0.          0.          0.          0.         
   0.          0.          0.          0.          0.          0.          0.
   0.          0.          0.          0.          0.          0.          0.
   0.          0.          0.          0.         
   0.          0.          1.          0.          0.          0.          0.
   0.          0.          0.          0.          0.          0.          0.
   0.          0.          0.          0.         
   0.          0.          0.          1.          0.          0.          0.
   0.          0.          0.          0.          0.          0.          0.
   0.          0.          0.          0.         
   0.          0.          0.          0.          0.          0.          0.
   0.          0.          0.          0.          0.          0.          0.
   0.          0.          0.          0.         
   0.          0.          0.          0.          0.          0.          0.
   0.          0.          0.          0.          0.          0.          0.
   0.          0.          0.          0.         
   0.          0.          0.          0.          0.          0.          0.
   0.5         0.5         0.          0.          0.          0.          0.
   0.          0.          0.          0.         
   0.          0.          0.          0.          0.          0.          0.
   0.5         0.5         0.          0.          0.          0.          0.
   0.          0.          0.          0.         
   0.          0.          0.          0.          0.          0.          0.
   0.          0.          0.          0.          0.          0.          0.
   0.          0.          0.          0.         
   0.          0.          0.          0.          0.          0.          0.
   0.          0.          0.          0.          0.          0.          0.
   0.          0.          0.          0.         
   0.          0.          0.          0.          0.          0.          0.
   0.          0.          0.          0.          0.          0.          0.
   0.          0.          0.          0.         
   0.          0.          0.          0.          0.          0.          0.
   0.          0.          0.5         0.5         0.          0.          0.
   0.          0.          0.          0.         
   0.          0.          0.          0.          0.          0.          0.
   0.          0.          0.          0.          1.          0.          0.
   0.          0.          0.          0.         
   0.          0.          0.          0.          0.          0.          0.
   0.          0.          0.          0.          1.          0.          0.
   0.          0.          0.          0.         
   0.          0.16666667  0.16666667  0.16666667  0.          0.          0.
   0.          0.          0.16666667  0.16666667  0.16666667  0.          0.
   0.          0.          0.          0.         
   0.          0.          0.          0.          0.          0.          0.
   0.          0.          0.          0.          0.          0.          0.
   0.          0.          0.          0.         
   0.          0.          0.          0.          0.          0.          0.
   0.          0.          0.          0.          0.          0.          0.
   0.          0.          0.          0.         
   0.          0.          0.          0.          0.          0.          0.
   0.          0.          0.          0.          0.          0.          0.
   0.          0.          0.          0.         
   0.          0.          0.          0.          0.          0.          0.
   0.          0.          0.          0.          0.          0.          0.
   0.          0.          0.          0.         
   0.          0.          0.          0.          0.          0.          0.
   0.          0.          0.          0.          0.          0.          0.
   0.          0.          0.          0.         
   0.          0.          0.          0.          0.          0.          0.
   0.          0.          0.          0.          0.          0.5         0.5
   0.          0.          0.          0.         
   0.          0.          0.          0.          0.          0.          0.
   0.          0.          0.          0.          0.          0.5         0.
   0.5         0.          0.          0.         
   0.          0.          0.          0.          0.2         0.2         0.2
   0.          0.          0.          0.          0.          0.2         0.
   0.          0.2         0.          0.         
   0.          0.          0.          0.          0.          0.          0.
   0.          0.          0.          0.          0.          0.          0.
   0.          0.          0.          0.         
   0.          0.          0.          0.          0.          0.          0.
   0.          0.          0.          0.          0.          0.          0.
   0.          0.          0.          0.         
   0.          0.          0.          0.          0.          0.          0.
   0.          0.          0.          0.          0.          0.          0.
   0.          0.          0.          0.         
   0.          0.          0.          0.          0.          0.          0.
   0.          0.          0.          0.          0.          0.          0.
   0.          0.          0.          0.         
   0.          0.          0.          0.          0.          0.          0.
   0.          0.          0.          0.          0.          0.          0.
   0.          0.          0.          0.         
   0.          0.          0.          0.          0.          0.          0.
   0.          0.          0.          0.          0.          0.          0.
   0.          0.          0.          0.         